8.209769999999999915e-03 1.472249999999999948e-02 2.894749999999999754e-04 1.486294333231500536e-02
8.665870000000000864e-03 1.490260000000000022e-02 2.411480000000000025e-04 1.482749307721924377e-02
9.121960000000000138e-03 1.469160000000000084e-02 2.184929999999999967e-04 1.479023560935640615e-02
9.578059999999999352e-03 1.465830000000000084e-02 2.030179999999999864e-04 1.475118701913444644e-02
1.003420000000000006e-02 1.484959999999999926e-02 1.747100000000000129e-04 1.471036437031316042e-02
1.049029999999999928e-02 1.480320000000000073e-02 1.637859999999999934e-04 1.466778484245819664e-02
1.094640000000000023e-02 1.452799999999999925e-02 1.430179999999999917e-04 1.462347105868614522e-02
1.140240000000000004e-02 1.487190000000000040e-02 1.304739999999999980e-04 1.457744204688300738e-02
1.185860000000000039e-02 1.442700000000000059e-02 1.196900000000000009e-04 1.452972087289871629e-02
1.231460000000000020e-02 1.454669999999999921e-02 1.112509999999999958e-04 1.448033040989502897e-02
1.277069999999999941e-02 1.441970000000000057e-02 1.037770000000000061e-04 1.442929154404184316e-02
1.322680000000000036e-02 1.442519999999999913e-02 1.000829999999999971e-04 1.437662782428246987e-02
1.368289999999999958e-02 1.422819999999999988e-02 9.816119999999999794e-05 1.432236379201866881e-02
1.413900000000000053e-02 1.420569999999999992e-02 9.475129999999999523e-05 1.426652083985721457e-02
1.459509999999999974e-02 1.420719999999999969e-02 8.991059999999999938e-05 1.420912687881330412e-02
1.505120000000000069e-02 1.413799999999999953e-02 8.928320000000000603e-05 1.415020447790659754e-02
1.550729999999999990e-02 1.404749999999999922e-02 8.458929999999999325e-05 1.408978154266680299e-02
1.596339999999999912e-02 1.405780000000000050e-02 8.454200000000000473e-05 1.402788217322527113e-02
1.641950000000000007e-02 1.400939999999999998e-02 8.113239999999999591e-05 1.396453602377835043e-02
1.687560000000000102e-02 1.367469999999999970e-02 7.937650000000000142e-05 1.389976833289787925e-02
1.733169999999999850e-02 1.372390000000000068e-02 7.757700000000000620e-05 1.383360954633543541e-02
1.778779999999999945e-02 1.367469999999999970e-02 7.592810000000000238e-05 1.376608634462258077e-02
1.824390000000000039e-02 1.359870000000000002e-02 7.419000000000000627e-05 1.369723017906467402e-02
1.870000000000000134e-02 1.378790000000000050e-02 7.185659999999999910e-05 1.362706702629418176e-02
1.915609999999999882e-02 1.344099999999999982e-02 7.163549999999999540e-05 1.355563064726560303e-02
1.961219999999999977e-02 1.359660000000000035e-02 7.041880000000000416e-05 1.348294873515762556e-02
2.006830000000000072e-02 1.344910000000000029e-02 6.863379999999999329e-05 1.340905034332582138e-02
2.052440000000000167e-02 1.330620000000000067e-02 6.754190000000000465e-05 1.333396986787181542e-02
2.098039999999999974e-02 1.319129999999999955e-02 6.586980000000000417e-05 1.325773674911527415e-02
2.143650000000000069e-02 1.318079999999999946e-02 6.556299999999999552e-05 1.318038214027052527e-02
2.189260000000000164e-02 1.302129999999999954e-02 6.430299999999999742e-05 1.310193537581015588e-02
2.234869999999999912e-02 1.303619999999999952e-02 6.222699999999999900e-05 1.302243292998344834e-02
2.280480000000000007e-02 1.286099999999999917e-02 6.206709999999999398e-05 1.294190450911066222e-02
2.326090000000000102e-02 1.290780000000000052e-02 6.160139999999999605e-05 1.286038208666398508e-02
2.371699999999999850e-02 1.275959999999999941e-02 6.034489999999999884e-05 1.277789844139622620e-02
2.417309999999999945e-02 1.264340000000000082e-02 5.898590000000000051e-05 1.269448626689969988e-02
2.462920000000000040e-02 1.253049999999999997e-02 5.846750000000000222e-05 1.261017782635069466e-02
2.508530000000000135e-02 1.238979999999999942e-02 5.780439999999999835e-05 1.252500644460652172e-02
2.554139999999999883e-02 1.233560000000000038e-02 5.673799999999999785e-05 1.243900488084488318e-02
2.599740000000000037e-02 1.226569999999999917e-02 5.637949999999999781e-05 1.235220560614886873e-02
2.645350000000000132e-02 1.214510000000000069e-02 5.643599999999999973e-05 1.226464212614642411e-02
2.690959999999999880e-02 1.215609999999999954e-02 5.665159999999999814e-05 1.217634735418852109e-02
2.736569999999999975e-02 1.201059999999999975e-02 5.740909999999999893e-05 1.208735386789268687e-02
2.782180000000000070e-02 1.183249999999999927e-02 5.664869999999999856e-05 1.199769517939035593e-02
2.827790000000000165e-02 1.196509999999999935e-02 5.670260000000000155e-05 1.190740534153006576e-02
2.873399999999999913e-02 1.179799999999999946e-02 5.660100000000000238e-05 1.181651387027021598e-02
2.919010000000000007e-02 1.177459999999999965e-02 5.670999999999999744e-05 1.172505507193730839e-02
2.964610000000000162e-02 1.164079999999999976e-02 5.575990000000000124e-05 1.163306334967372825e-02
3.010219999999999910e-02 1.141990000000000019e-02 5.549470000000000249e-05 1.154056689293169423e-02
3.055830000000000005e-02 1.137260000000000007e-02 5.505880000000000214e-05 1.144760083785263845e-02
3.101440000000000100e-02 1.133389999999999918e-02 5.532420000000000133e-05 1.135419862558438402e-02
3.147049999999999847e-02 1.111780000000000060e-02 5.497520000000000179e-05 1.126038825509864151e-02
3.192659999999999942e-02 1.107950000000000081e-02 5.381769999999999805e-05 1.116620585565372172e-02
3.238270000000000037e-02 1.091939999999999925e-02 5.380410000000000211e-05 1.107167822742946041e-02
3.283869999999999845e-02 1.084300000000000021e-02 5.374709999999999910e-05 1.097684113321004649e-02
3.329479999999999940e-02 1.079459999999999968e-02 5.333080000000000107e-05 1.088172345718505137e-02
3.375090000000000034e-02 1.064290000000000028e-02 5.276480000000000005e-05 1.078635294702922492e-02
3.420700000000000129e-02 1.065690000000000040e-02 5.252110000000000101e-05 1.069076475684918939e-02
3.466310000000000224e-02 1.042870000000000082e-02 5.248969999999999992e-05 1.059498673342016209e-02
3.511920000000000319e-02 1.043460000000000047e-02 5.178509999999999992e-05 1.049904878860154385e-02
3.557520000000000127e-02 1.025930000000000071e-02 5.113269999999999919e-05 1.040297998223252592e-02
3.603130000000000221e-02 1.019499999999999920e-02 5.123350000000000338e-05 1.030680920110174995e-02
3.648740000000000316e-02 1.019800000000000047e-02 5.076290000000000148e-05 1.021056355959363074e-02
3.694349999999999717e-02 1.004880000000000009e-02 5.091160000000000227e-05 1.011427461197835463e-02
3.739950000000000219e-02 9.911919999999999412e-03 4.991409999999999700e-05 1.001797073491195698e-02
3.785560000000000314e-02 9.845450000000000382e-03 4.957960000000000215e-05 9.921674811905482200e-03
3.831169999999999715e-02 9.729790000000000313e-03 4.919000000000000168e-05 9.825416094945546228e-03
3.876779999999999810e-02 9.672989999999999366e-03 4.936779999999999852e-05 9.729221288128198086e-03
3.922389999999999904e-02 9.629540000000000669e-03 4.915310000000000209e-05 9.633116329233108385e-03
3.967989999999999712e-02 9.411779999999999799e-03 4.782819999999999720e-05 9.537128690576376217e-03
4.013599999999999807e-02 9.403959999999999403e-03 4.860920000000000209e-05 9.441279624978834648e-03
4.059209999999999902e-02 9.254880000000000051e-03 4.759180000000000062e-05 9.345595984522409722e-03
4.104819999999999997e-02 9.216000000000000233e-03 4.759550000000000195e-05 9.250103992093980723e-03
4.150419999999999804e-02 9.108959999999999280e-03 4.668080000000000206e-05 9.154823017434771809e-03
4.196029999999999899e-02 9.087579999999999616e-03 4.668899999999999971e-05 9.059780483647325230e-03
4.241639999999999994e-02 8.971740000000000617e-03 4.706489999999999724e-05 8.964995087998169424e-03
4.287250000000000089e-02 8.697810000000000263e-03 4.605479999999999822e-05 8.870493215850521612e-03
4.332849999999999896e-02 8.745319999999999136e-03 4.576149999999999885e-05 8.776294199978018976e-03
4.378459999999999991e-02 8.628290000000000265e-03 4.530270000000000249e-05 8.682419212780413328e-03
4.424070000000000086e-02 8.439870000000000358e-03 4.508199999999999968e-05 8.588886983945625067e-03
4.469680000000000181e-02 8.481509999999999397e-03 4.518349999999999862e-05 8.495721752149840156e-03
4.515279999999999988e-02 8.309610000000000260e-03 4.480240000000000324e-05 8.402940897646754906e-03
4.560890000000000083e-02 8.189049999999999802e-03 4.396100000000000143e-05 8.310563362418733890e-03
4.606500000000000178e-02 8.137149999999999245e-03 4.411310000000000291e-05 8.218607695774031441e-03
4.652099999999999985e-02 8.075469999999999524e-03 4.357389999999999967e-05 8.127091885929768264e-03
4.697710000000000080e-02 8.049370000000000136e-03 4.384799999999999760e-05 8.036035198228097531e-03
4.743320000000000175e-02 7.896040000000000003e-03 4.284800000000000040e-05 7.945450470765001369e-03
4.788919999999999982e-02 7.837590000000000182e-03 4.296620000000000208e-05 7.855355990543110706e-03
4.834530000000000077e-02 7.670920000000000342e-03 4.272130000000000041e-05 7.765767625713083586e-03
4.880140000000000172e-02 7.587690000000000233e-03 4.237880000000000157e-05 7.676702567035133783e-03
4.925739999999999980e-02 7.680819999999999662e-03 4.186159999999999914e-05 7.588171565372059391e-03
4.971350000000000074e-02 7.487910000000000399e-03 4.154140000000000176e-05 7.500192495635932613e-03
5.016960000000000169e-02 7.300530000000000387e-03 4.159179999999999708e-05 7.412775091920282937e-03
5.062559999999999977e-02 7.306049999999999697e-03 4.141820000000000267e-05 7.325936135978787164e-03
5.108170000000000072e-02 7.275339999999999932e-03 4.108209999999999754e-05 7.239686081860086803e-03
5.153780000000000167e-02 7.102439999999999795e-03 4.055170000000000004e-05 7.154036841904925885e-03
5.199379999999999974e-02 6.998710000000000001e-03 4.040030000000000010e-05 7.068999930841987113e-03
5.244990000000000069e-02 7.008440000000000329e-03 4.031619999999999865e-05 6.984584502781368033e-03
5.290589999999999876e-02 7.012349999999999660e-03 4.026999999999999899e-05 6.900804757012150847e-03
5.336199999999999971e-02 6.760190000000000123e-03 3.946989999999999966e-05 6.817670511963200633e-03
5.381799999999999778e-02 6.741050000000000167e-03 3.951140000000000256e-05 6.735187453525855010e-03
5.427409999999999873e-02 6.654969999999999636e-03 3.933929999999999789e-05 6.653366123881018258e-03
5.473019999999999968e-02 6.572839999999999933e-03 3.896169999999999663e-05 6.572214710375308758e-03
5.518619999999999776e-02 6.457029999999999888e-03 3.835929999999999711e-05 6.491741067847793013e-03
5.564229999999999871e-02 6.431329999999999859e-03 3.856669999999999787e-05 6.411954308547438558e-03
5.609829999999999678e-02 6.248209999999999702e-03 3.804509999999999934e-05 6.332857801174955267e-03
5.655439999999999773e-02 6.345939999999999567e-03 3.836810000000000285e-05 6.254461562336285398e-03
5.701040000000000274e-02 6.150049999999999788e-03 3.799459999999999703e-05 6.176768211522134892e-03
5.746649999999999675e-02 6.051439999999999944e-03 3.888980000000000160e-05 6.099786632012552806e-03
5.792259999999999770e-02 5.973540000000000273e-03 3.938839999999999713e-05 6.023520055455610679e-03
5.837860000000000271e-02 5.967779999999999786e-03 3.936940000000000291e-05 5.947972842632354672e-03
5.883469999999999672e-02 5.876089999999999612e-03 3.977189999999999778e-05 5.873149184430048741e-03
5.929070000000000173e-02 5.829759999999999803e-03 3.879690000000000119e-05 5.799052731381820411e-03
5.974680000000000268e-02 5.748119999999999792e-03 3.842749999999999758e-05 5.725686762391342562e-03
6.020280000000000076e-02 5.648099999999999649e-03 3.801230000000000196e-05 5.653054197185295240e-03
6.065890000000000171e-02 5.555820000000000376e-03 3.707139999999999882e-05 5.581157589975118023e-03
6.111489999999999978e-02 5.587860000000000049e-03 3.704140000000000080e-05 5.509999175766126280e-03
6.157089999999999785e-02 5.464270000000000238e-03 3.654259999999999805e-05 5.439582120271260063e-03
6.202699999999999880e-02 5.416909999999999607e-03 3.664489999999999875e-05 5.369904397877281466e-03
6.248299999999999688e-02 5.377980000000000087e-03 3.621900000000000000e-05 5.300970080228879430e-03
6.293909999999999783e-02 5.271220000000000072e-03 3.572699999999999861e-05 5.232776681740959439e-03
6.339509999999999590e-02 5.222789999999999724e-03 3.553469999999999708e-05 5.165327432697265977e-03
6.385119999999999685e-02 5.117390000000000307e-03 3.517999999999999860e-05 5.098620646080554396e-03
6.430719999999999492e-02 5.074369999999999922e-03 3.489100000000000187e-05 5.032654537167512848e-03
6.476320000000000687e-02 4.981389999999999603e-03 3.435670000000000260e-05 4.967431301585456711e-03
6.521929999999999394e-02 4.901019999999999856e-03 3.449850000000000182e-05 4.902948468823531934e-03
6.567530000000000590e-02 4.838689999999999658e-03 3.420329999999999828e-05 4.839204632856851721e-03
6.613140000000000684e-02 4.762630000000000335e-03 3.367459999999999773e-05 4.776199291990003426e-03
6.658740000000000492e-02 4.791870000000000157e-03 3.382869999999999682e-05 4.713927846439280346e-03
6.704340000000000299e-02 4.723029999999999590e-03 3.354630000000000101e-05 4.652389492951050469e-03
6.749950000000000394e-02 4.629539999999999697e-03 3.337900000000000009e-05 4.591583033193476389e-03
6.795550000000000201e-02 4.609910000000000049e-03 3.335430000000000014e-05 4.531502947211876395e-03
6.841150000000000009e-02 4.519099999999999853e-03 3.287580000000000125e-05 4.472149005234434330e-03
6.886760000000000104e-02 4.476950000000000374e-03 3.269579999999999958e-05 4.413515451037316670e-03
6.932359999999999911e-02 4.372659999999999568e-03 3.264009999999999942e-05 4.355601389783640004e-03
6.977959999999999718e-02 4.303119999999999688e-03 3.240890000000000068e-05 4.298401791697921068e-03
7.023569999999999813e-02 4.282399999999999575e-03 3.231400000000000266e-05 4.241912651075303506e-03
7.069169999999999621e-02 4.235430000000000098e-03 3.180310000000000049e-05 4.186130060003294580e-03
7.114769999999999428e-02 4.168830000000000105e-03 3.199890000000000292e-05 4.131049699648422016e-03
7.160379999999999523e-02 4.150159999999999960e-03 3.171440000000000251e-05 4.076667058170599378e-03
7.205979999999999330e-02 4.069370000000000105e-03 3.169600000000000282e-05 4.022978699094430753e-03
7.251580000000000525e-02 4.014400000000000433e-03 3.126040000000000313e-05 3.969977437969255882e-03
7.297180000000000333e-02 3.981260000000000354e-03 3.103660000000000029e-05 3.917659714563564988e-03
7.342790000000000428e-02 3.948450000000000050e-03 3.124730000000000151e-05 3.866021319192032915e-03
7.388390000000000235e-02 3.874620000000000061e-03 3.081879999999999705e-05 3.815056003184353218e-03
7.433990000000000042e-02 3.852840000000000171e-03 3.067359999999999716e-05 3.764757187003579808e-03
7.479589999999999850e-02 3.772810000000000139e-03 3.051499999999999837e-05 3.715121685418998950e-03
7.525189999999999657e-02 3.714540000000000116e-03 3.046980000000000090e-05 3.666142772371121759e-03
7.570799999999999752e-02 3.681770000000000008e-03 3.017109999999999985e-05 3.617814656063417147e-03
7.616399999999999559e-02 3.632550000000000015e-03 3.001980000000000013e-05 3.570131523589965914e-03
7.661999999999999367e-02 3.552249999999999852e-03 2.982850000000000079e-05 3.523088573944138050e-03
7.707600000000000562e-02 3.556740000000000075e-03 2.989689999999999831e-05 3.476677696347912558e-03
7.753200000000000369e-02 3.469980000000000113e-03 2.964190000000000160e-05 3.430893842730983485e-03
7.798810000000000464e-02 3.465859999999999861e-03 2.944260000000000166e-05 3.385731811506450910e-03
7.844410000000000271e-02 3.416030000000000021e-03 2.917210000000000145e-05 3.341184425141896161e-03
7.890010000000000079e-02 3.322620000000000087e-03 2.914339999999999951e-05 3.297244449900010865e-03
7.935609999999999886e-02 3.331579999999999785e-03 2.907330000000000165e-05 3.253907424472613635e-03
7.981209999999999694e-02 3.308769999999999940e-03 2.914080000000000058e-05 3.211166044267306507e-03
8.026809999999999501e-02 3.192099999999999799e-03 2.854679999999999916e-05 3.169013779998707155e-03
8.072409999999999308e-02 3.169790000000000021e-03 2.850860000000000010e-05 3.127444313214234120e-03
8.118010000000000503e-02 3.127399999999999798e-03 2.858170000000000114e-05 3.086451992580277123e-03
8.163610000000000311e-02 3.094169999999999820e-03 2.822950000000000136e-05 3.046028442286169598e-03
8.209210000000000118e-02 3.083740000000000179e-03 2.833910000000000113e-05 3.006168104360529801e-03
8.254809999999999925e-02 2.999610000000000210e-03 2.784199999999999872e-05 2.966865221972468138e-03
8.300409999999999733e-02 3.000590000000000028e-03 2.806129999999999847e-05 2.928111551705754167e-03
8.346009999999999540e-02 2.967040000000000215e-03 2.786910000000000055e-05 2.889902206591085567e-03
8.391609999999999348e-02 2.882950000000000009e-03 2.748740000000000046e-05 2.852229730925452938e-03
8.437219999999999442e-02 2.902710000000000186e-03 2.773109999999999949e-05 2.815087605113685693e-03
8.482820000000000638e-02 2.826920000000000127e-03 2.739930000000000040e-05 2.778469217637575053e-03
8.528420000000000445e-02 2.784249999999999833e-03 2.750120000000000022e-05 2.742368059358347900e-03
8.574009999999999965e-02 2.745919999999999785e-03 2.713879999999999841e-05 2.706778305830470285e-03
8.619609999999999772e-02 2.778890000000000006e-03 2.695799999999999838e-05 2.671691948091465922e-03
8.665209999999999579e-02 2.721910000000000128e-03 2.706110000000000083e-05 2.637103236647343665e-03
8.710809999999999387e-02 2.673249999999999845e-03 2.686640000000000081e-05 2.603006424541058714e-03
8.756410000000000582e-02 2.617319999999999803e-03 2.673800000000000048e-05 2.569394359991448561e-03
8.802010000000000389e-02 2.546570000000000170e-03 2.646770000000000072e-05 2.536260560874394054e-03
8.847610000000000197e-02 2.570520000000000183e-03 2.648829999999999845e-05 2.503598699486966721e-03
8.893210000000000004e-02 2.517569999999999791e-03 2.641159999999999968e-05 2.471402399493880398e-03
8.938809999999999811e-02 2.483539999999999793e-03 2.626380000000000085e-05 2.439665409003274540e-03
8.984409999999999619e-02 2.441290000000000040e-03 2.608069999999999917e-05 2.408381328847449942e-03
9.030009999999999426e-02 2.465370000000000148e-03 2.617410000000000068e-05 2.377544123269416040e-03
9.075600000000000334e-02 2.454070000000000036e-03 2.678039999999999859e-05 2.347148162860598561e-03
9.121200000000000141e-02 2.351820000000000126e-03 2.685659999999999965e-05 2.317186716891595725e-03
9.166799999999999948e-02 2.323200000000000091e-03 2.669749999999999977e-05 2.287652988567854141e-03
9.212399999999999756e-02 2.341349999999999855e-03 2.712399999999999984e-05 2.258542252021903448e-03
9.257999999999999563e-02 2.338610000000000081e-03 2.732060000000000063e-05 2.229847995642680793e-03
9.303599999999999370e-02 2.272670000000000072e-03 2.745589999999999915e-05 2.201564145799818871e-03
9.349190000000000278e-02 2.251930000000000077e-03 2.729250000000000000e-05 2.173684979162383932e-03
9.394790000000000085e-02 2.234429999999999923e-03 2.740760000000000166e-05 2.146205204942545994e-03
9.440389999999999893e-02 2.205830000000000204e-03 2.741229999999999841e-05 2.119117889094209936e-03
9.485979999999999412e-02 2.150710000000000122e-03 2.753830000000000026e-05 2.092418549989624559e-03
9.531580000000000608e-02 2.150050000000000138e-03 2.761029999999999889e-05 2.066100964403700530e-03
9.577180000000000415e-02 2.145289999999999784e-03 2.758810000000000103e-05 2.040159003679582837e-03
9.622780000000000222e-02 2.062070000000000049e-03 2.780379999999999966e-05 2.014588282838684647e-03
9.668369999999999742e-02 2.052899999999999864e-03 2.760030000000000068e-05 1.989382782777552455e-03
9.713969999999999549e-02 2.042870000000000016e-03 2.748280000000000053e-05 1.964537154800704080e-03
9.759569999999999357e-02 1.954060000000000085e-03 2.747660000000000049e-05 1.940046595138892769e-03
9.805160000000000264e-02 1.979419999999999964e-03 2.774420000000000111e-05 1.915904811943791022e-03
9.850760000000000072e-02 1.979079999999999815e-03 2.799290000000000095e-05 1.892107623674107444e-03
9.896359999999999879e-02 1.937549999999999906e-03 2.775839999999999837e-05 1.868648927366441332e-03
9.941949999999999399e-02 1.857850000000000083e-03 2.665900000000000005e-05 1.845524654935677385e-03
9.987550000000000594e-02 1.836130000000000054e-03 2.634339999999999921e-05 1.822729295774373455e-03
1.003310000000000035e-01 1.839410000000000090e-03 2.620340000000000055e-05 1.800260365327581913e-03
1.007870000000000016e-01 1.815599999999999896e-03 2.605769999999999956e-05 1.778106176679343465e-03
1.012429999999999997e-01 1.822599999999999958e-03 2.565670000000000120e-05 1.756266354558435813e-03
1.016989999999999977e-01 1.770080000000000047e-03 2.561739999999999973e-05 1.734740892198105349e-03
1.021549999999999958e-01 1.752990000000000060e-03 2.528400000000000051e-05 1.713515665730589452e-03
1.026109999999999939e-01 1.751570000000000037e-03 2.522870000000000123e-05 1.692595340600618536e-03
1.030670000000000058e-01 1.704100000000000059e-03 2.506020000000000106e-05 1.671966249932214888e-03
1.035230000000000039e-01 1.700150000000000099e-03 2.487849999999999906e-05 1.651632946627053754e-03
1.039790000000000020e-01 1.665699999999999993e-03 2.491470000000000051e-05 1.631582102957409436e-03
1.044350000000000001e-01 1.648670000000000083e-03 2.469360000000000020e-05 1.611818115662119310e-03
1.048909999999999981e-01 1.638340000000000065e-03 2.447539999999999948e-05 1.592328077895241532e-03
1.053469999999999962e-01 1.638200000000000029e-03 2.437540000000000044e-05 1.573116309138036838e-03
1.058029999999999943e-01 1.592289999999999895e-03 2.420779999999999886e-05 1.554170193868917782e-03
1.062590000000000062e-01 1.564410000000000019e-03 2.429909999999999915e-05 1.535493962832834049e-03
1.067150000000000043e-01 1.541969999999999929e-03 2.393660000000000050e-05 1.517079372520704125e-03
1.071710000000000024e-01 1.518629999999999980e-03 2.390550000000000007e-05 1.498918473106643180e-03
1.076270000000000004e-01 1.528370000000000032e-03 2.379069999999999907e-05 1.481015358323287080e-03
1.080829999999999985e-01 1.542890000000000103e-03 2.373590000000000088e-05 1.463358247249405518e-03
1.085379999999999956e-01 1.453550000000000068e-03 2.353449999999999973e-05 1.445951130903766133e-03
1.089939999999999937e-01 1.470230000000000104e-03 2.336990000000000134e-05 1.428786300051639166e-03
1.094500000000000056e-01 1.415189999999999981e-03 2.337779999999999833e-05 1.411856435554982234e-03
1.099060000000000037e-01 1.413490000000000102e-03 2.337130000000000102e-05 1.395165345416916284e-03
1.103620000000000018e-01 1.374730000000000006e-03 2.307409999999999987e-05 1.378705658437469729e-03
1.108179999999999998e-01 1.402199999999999931e-03 2.320319999999999834e-05 1.362470303492232821e-03
1.112739999999999979e-01 1.404459999999999953e-03 2.281980000000000130e-05 1.346462962741827975e-03
1.117299999999999960e-01 1.327520000000000002e-03 2.301359999999999935e-05 1.330676687892253397e-03
1.121859999999999941e-01 1.338140000000000033e-03 2.285240000000000163e-05 1.315108046783475260e-03
1.126420000000000060e-01 1.303389999999999974e-03 2.267400000000000009e-05 1.299750383988496939e-03
1.130980000000000041e-01 1.331039999999999914e-03 2.265789999999999867e-05 1.284607260081158542e-03
1.135540000000000022e-01 1.273129999999999921e-03 2.257309999999999907e-05 1.269671993847267281e-03
1.140100000000000002e-01 1.279589999999999938e-03 2.253279999999999880e-05 1.254941469651292118e-03
1.144649999999999973e-01 1.236789999999999981e-03 2.238670000000000032e-05 1.240412596824365301e-03
1.149209999999999954e-01 1.238769999999999932e-03 2.234909999999999919e-05 1.226079146639113323e-03
1.153769999999999935e-01 1.256769999999999936e-03 2.237529999999999904e-05 1.211944447332678016e-03
1.158330000000000054e-01 1.181460000000000062e-03 2.227479999999999890e-05 1.198002379036021197e-03
1.162890000000000035e-01 1.168559999999999911e-03 2.217149999999999940e-05 1.184249965975591248e-03
1.167450000000000015e-01 1.194420000000000074e-03 2.203330000000000129e-05 1.170684429512438814e-03
1.172009999999999996e-01 1.161429999999999971e-03 2.212339999999999896e-05 1.157302873524102471e-03
1.176569999999999977e-01 1.113440000000000046e-03 2.196879999999999878e-05 1.144102596764937302e-03
1.181129999999999958e-01 1.106039999999999975e-03 2.190970000000000133e-05 1.131080858368491105e-03
1.185689999999999938e-01 1.169230000000000052e-03 2.188989999999999857e-05 1.118234899250591594e-03
1.190250000000000058e-01 1.116849999999999961e-03 2.164660000000000041e-05 1.105562127895154791e-03
1.194810000000000039e-01 1.091549999999999942e-03 2.173869999999999907e-05 1.093060018880027181e-03
1.199360000000000009e-01 1.075400000000000010e-03 2.161809999999999890e-05 1.080725891128923085e-03
1.203919999999999990e-01 1.059119999999999983e-03 2.160390000000000164e-05 1.068557309271095856e-03
1.208479999999999971e-01 1.085360000000000057e-03 2.144910000000000103e-05 1.056551731431282486e-03
1.213039999999999952e-01 1.045059999999999999e-03 2.143660000000000072e-05 1.044706827478459731e-03
1.217599999999999932e-01 1.054009999999999973e-03 2.144649999999999871e-05 1.033020115978929747e-03
1.222160000000000052e-01 1.048150000000000080e-03 2.131699999999999936e-05 1.021489267608007359e-03
1.226720000000000033e-01 1.019020000000000039e-03 2.128599999999999915e-05 1.010112009503938727e-03
1.231280000000000013e-01 1.030820000000000000e-03 2.121319999999999876e-05 9.988859828565725251e-04
1.235839999999999994e-01 9.831910000000000129e-04 2.114989999999999888e-05 9.878090016570239933e-04
1.240389999999999965e-01 1.010300000000000000e-03 2.115850000000000079e-05 9.768788634197810190e-04
1.244949999999999946e-01 9.592780000000000404e-04 2.088129999999999945e-05 9.660957332517650098e-04
1.249510000000000065e-01 9.628199999999999736e-04 2.104969999999999940e-05 9.554527355333050252e-04
1.254069999999999907e-01 9.279870000000000176e-04 2.086879999999999915e-05 9.449502008166564462e-04
1.258630000000000027e-01 9.424740000000000027e-04 2.086780000000000034e-05 9.345859982999904546e-04
1.263189999999999868e-01 9.489309999999999716e-04 2.076649999999999845e-05 9.243581609153634065e-04
1.267749999999999988e-01 9.064410000000000175e-04 2.062309999999999911e-05 9.142668761807829338e-04
1.272310000000000108e-01 9.153930000000000226e-04 2.076160000000000126e-05 9.043057506024602824e-04
1.276869999999999949e-01 9.203730000000000461e-04 2.064499999999999970e-05 8.944750587162839410e-04
1.281420000000000059e-01 8.982950000000000179e-04 2.066479999999999907e-05 8.847729512895322057e-04
1.285979999999999901e-01 8.846639999999999582e-04 2.038229999999999965e-05 8.751996065285248946e-04
1.290540000000000020e-01 8.590650000000000022e-04 2.041149999999999931e-05 8.657490108826389414e-04
1.295099999999999862e-01 8.998530000000000461e-04 2.053319999999999850e-05 8.564215068133791383e-04
1.299659999999999982e-01 8.244160000000000160e-04 2.032450000000000166e-05 8.472172591592199526e-04
1.304220000000000101e-01 8.404379999999999924e-04 2.030110000000000118e-05 8.381305175615452437e-04
1.308779999999999943e-01 8.229150000000000180e-04 2.016579999999999927e-05 8.291616053799061694e-04
1.313330000000000053e-01 7.785140000000000072e-04 2.024329999999999980e-05 8.203107632947095407e-04
1.317889999999999895e-01 7.905710000000000038e-04 2.020330000000000018e-05 8.115724376654119294e-04
1.322450000000000014e-01 7.930870000000000454e-04 2.007429999999999854e-05 8.029488303744080659e-04
1.327010000000000134e-01 8.181319999999999521e-04 2.005560000000000158e-05 7.944345645185262213e-04
1.331569999999999976e-01 7.826660000000000041e-04 2.008539999999999916e-05 7.860317899073631211e-04
1.336130000000000095e-01 7.859790000000000179e-04 1.996949999999999913e-05 7.777352626175941140e-04
1.340689999999999937e-01 7.402920000000000333e-04 1.987630000000000145e-05 7.695470974867542205e-04
1.345240000000000047e-01 7.935029999999999818e-04 1.986980000000000075e-05 7.614622138588358815e-04
1.349799999999999889e-01 7.278529999999999852e-04 1.984599999999999938e-05 7.534826774018938897e-04
1.354360000000000008e-01 7.365600000000000359e-04 1.986609999999999941e-05 7.456035287255909343e-04
1.358920000000000128e-01 7.400339999999999826e-04 1.973129999999999860e-05 7.378267867302394601e-04
1.363479999999999970e-01 7.157959999999999887e-04 1.965980000000000106e-05 7.301476580743978184e-04
1.368040000000000089e-01 6.821489999999999498e-04 1.960870000000000083e-05 7.225681193138304469e-04
1.372589999999999921e-01 7.249140000000000054e-04 1.967929999999999978e-05 7.150851184880666501e-04
1.377150000000000041e-01 7.050150000000000253e-04 1.952159999999999958e-05 7.076956881262760598e-04
1.381709999999999883e-01 7.102270000000000154e-04 1.953649999999999837e-05 7.004017833364389184e-04
1.386270000000000002e-01 7.123119999999999929e-04 1.955519999999999871e-05 6.931988964442707159e-04
1.390830000000000122e-01 6.491160000000000376e-04 1.936349999999999850e-05 6.860889224611351010e-04
1.395389999999999964e-01 6.657889999999999642e-04 1.942350000000000131e-05 6.790690063353421084e-04
1.399940000000000073e-01 6.535860000000000541e-04 1.928939999999999865e-05 6.721379130612011423e-04
1.404499999999999915e-01 6.389240000000000240e-04 1.925820000000000139e-05 6.652929596051645892e-04
1.409060000000000035e-01 6.539929999999999572e-04 1.937269999999999834e-05 6.585359397826042989e-04
1.413619999999999877e-01 6.687480000000000421e-04 1.932740000000000066e-05 6.518641701871055565e-04
1.418179999999999996e-01 6.655710000000000012e-04 1.919920000000000077e-05 6.452764858028116812e-04
1.422740000000000116e-01 6.265729999999999520e-04 1.910940000000000037e-05 6.387703475842398037e-04
1.427289999999999948e-01 6.060259999999999606e-04 1.908650000000000098e-05 6.323474836510103092e-04
1.431850000000000067e-01 6.108939999999999553e-04 1.912390000000000167e-05 6.260053476026370030e-04
1.436409999999999909e-01 5.878320000000000463e-04 1.904999999999999887e-05 6.197428569177846182e-04
1.440970000000000029e-01 5.997970000000000038e-04 1.894479999999999859e-05 6.135589446767266515e-04
1.445529999999999871e-01 5.801969999999999610e-04 1.896590000000000081e-05 6.074525537391403402e-04
1.450079999999999980e-01 5.590299999999999653e-04 1.887839999999999869e-05 6.014226496818154011e-04
1.454640000000000100e-01 5.872779999999999971e-04 1.884949999999999969e-05 5.954682041678048803e-04
1.459199999999999942e-01 5.620819999999999896e-04 1.878640000000000025e-05 5.895882122504002461e-04
1.463760000000000061e-01 5.583409999999999589e-04 1.880879999999999854e-05 5.837816816672104303e-04
1.468319999999999903e-01 5.872110000000000263e-04 1.891229999999999848e-05 5.780476433216651892e-04
1.472870000000000013e-01 5.572879999999999674e-04 1.872060000000000165e-05 5.723851227728287035e-04
1.477430000000000132e-01 5.587520000000000334e-04 1.860539999999999978e-05 5.667931745620596916e-04
1.481989999999999974e-01 5.676869999999999876e-04 1.871809999999999956e-05 5.612708611935787956e-04
1.486550000000000094e-01 5.524739999999999556e-04 1.863670000000000064e-05 5.558172634874030196e-04
1.491109999999999935e-01 5.599070000000000045e-04 1.871530000000000020e-05 5.504314669900100187e-04
1.495660000000000045e-01 5.484529999999999614e-04 1.849780000000000101e-05 5.451125704740168157e-04
1.500219999999999887e-01 5.502449999999999876e-04 1.855399999999999888e-05 5.398596965069972151e-04
1.504780000000000006e-01 5.045349999999999661e-04 1.846149999999999934e-05 5.346719683801343451e-04
1.509340000000000126e-01 5.176959999999999982e-04 1.844080000000000139e-05 5.295485233293661899e-04
1.513899999999999968e-01 5.022849999999999928e-04 1.846490000000000002e-05 5.244896168592581712e-04
1.518450000000000077e-01 4.926899999999999466e-04 1.823670000000000109e-05 5.194921934474602864e-04
1.523009999999999919e-01 5.081379999999999925e-04 1.842940000000000011e-05 5.145565334728195196e-04
1.527570000000000039e-01 5.102350000000000505e-04 1.835560000000000091e-05 5.096818306677703553e-04
1.532129999999999881e-01 4.868229999999999975e-04 1.824509999999999918e-05 5.048683234824981715e-04
1.536679999999999990e-01 4.724910000000000134e-04 1.816819999999999996e-05 5.001130957920900269e-04
1.541240000000000110e-01 4.926559999999999533e-04 1.825060000000000107e-05 4.954164409663378140e-04
1.545799999999999952e-01 4.412339999999999839e-04 1.825240000000000163e-05 4.907775684388606188e-04
1.550360000000000071e-01 4.687410000000000036e-04 1.815819999999999837e-05 4.861967150032370016e-04
1.554919999999999913e-01 4.353140000000000134e-04 1.800930000000000052e-05 4.816711149269948720e-04
1.559470000000000023e-01 4.850249999999999852e-04 1.810879999999999847e-05 4.772010327095320371e-04
1.564029999999999865e-01 4.285490000000000198e-04 1.801339999999999935e-05 4.727866807316018346e-04
1.568589999999999984e-01 4.778750000000000012e-04 1.815069999999999886e-05 4.684254097063306178e-04
1.573140000000000094e-01 4.625860000000000193e-04 1.793680000000000079e-05 4.641184048124091430e-04
1.577699999999999936e-01 4.483840000000000221e-04 1.796259999999999976e-05 4.598630641457624032e-04
1.582260000000000055e-01 4.462110000000000143e-04 1.796800000000000144e-05 4.556605442518154745e-04
1.586819999999999897e-01 4.474230000000000156e-04 1.787389999999999839e-05 4.515083113606204335e-04
1.591370000000000007e-01 4.348150000000000170e-04 1.790169999999999836e-05 4.474074922739466301e-04
1.595930000000000126e-01 4.405069999999999754e-04 1.777030000000000162e-05 4.433556147307899666e-04
1.600489999999999968e-01 4.342689999999999853e-04 1.789230000000000147e-05 4.393537801190734726e-04
1.605050000000000088e-01 4.511620000000000148e-04 1.786080000000000016e-05 4.353995674768944648e-04
1.609609999999999930e-01 4.201259999999999955e-04 1.775399999999999976e-05 4.314940519917014571e-04
1.614160000000000039e-01 3.917899999999999877e-04 1.767029999999999919e-05 4.276357188154188030e-04
1.618719999999999881e-01 4.195700000000000232e-04 1.765139999999999841e-05 4.238230832142816408e-04
1.623280000000000001e-01 4.355170000000000113e-04 1.782260000000000110e-05 4.200571946437665384e-04
1.627830000000000110e-01 4.051540000000000176e-04 1.766699999999999873e-05 4.163365730946655342e-04
1.632389999999999952e-01 3.923439999999999827e-04 1.749069999999999840e-05 4.126598063031925150e-04
1.636950000000000072e-01 3.995100000000000018e-04 1.764259999999999944e-05 4.090278855724371714e-04
1.641509999999999914e-01 3.974890000000000020e-04 1.757190000000000027e-05 4.054393915057489411e-04
1.646060000000000023e-01 3.703350000000000110e-04 1.745350000000000154e-05 4.018929516176739233e-04
1.650619999999999865e-01 3.962899999999999886e-04 1.749729999999999932e-05 3.983895316563224520e-04
1.655179999999999985e-01 3.774040000000000207e-04 1.743950000000000133e-05 3.949277561628499952e-04
1.659730000000000094e-01 3.767409999999999900e-04 1.754470000000000161e-05 3.915070479799309861e-04
1.664289999999999936e-01 4.005500000000000054e-04 1.740050000000000052e-05 3.881268315172042437e-04
1.668850000000000056e-01 3.877619999999999917e-04 1.739280000000000058e-05 3.847865409933677507e-04
1.673409999999999898e-01 3.765339999999999833e-04 1.731519999999999983e-05 3.814848959214184017e-04
1.677960000000000007e-01 3.398100000000000144e-04 1.734139999999999968e-05 3.782227884362854417e-04
1.682520000000000127e-01 3.598270000000000093e-04 1.738490000000000020e-05 3.749989370837081867e-04
1.687079999999999969e-01 3.573159999999999921e-04 1.723840000000000084e-05 3.718128023713858149e-04
1.691630000000000078e-01 3.474509999999999773e-04 1.725540000000000084e-05 3.686638553014595166e-04
1.696189999999999920e-01 3.201060000000000147e-04 1.717230000000000159e-05 3.655515564457314354e-04
1.700750000000000040e-01 3.445230000000000081e-04 1.718120000000000077e-05 3.624753864631957700e-04
1.705309999999999881e-01 3.110230000000000069e-04 1.714840000000000000e-05 3.594348270632585383e-04
1.709859999999999991e-01 3.353939999999999808e-04 1.708009999999999932e-05 3.564293703525808093e-04
1.714420000000000111e-01 3.477940000000000111e-04 1.713660000000000123e-05 3.534585105337935342e-04
1.718979999999999952e-01 3.251029999999999805e-04 1.713760000000000004e-05 3.505223905693782469e-04
1.723530000000000062e-01 3.132850000000000066e-04 1.699649999999999897e-05 3.476192221486616826e-04
1.728089999999999904e-01 3.424680000000000150e-04 1.698690000000000163e-05 3.447491746866704993e-04
1.732650000000000023e-01 2.915279999999999911e-04 1.701029999999999873e-05 3.419117661655312734e-04
1.737200000000000133e-01 3.304900000000000155e-04 1.701460000000000139e-05 3.391065220523935991e-04
1.741759999999999975e-01 3.375879999999999940e-04 1.703570000000000022e-05 3.363329738046320428e-04
1.746320000000000094e-01 3.161370000000000261e-04 1.682860000000000012e-05 3.335912575590819704e-04
1.750869999999999926e-01 2.994170000000000100e-04 1.683530000000000126e-05 3.308797164245252422e-04
1.755430000000000046e-01 3.110990000000000109e-04 1.698310000000000008e-05 3.281985060518238491e-04
1.759989999999999888e-01 2.846319999999999948e-04 1.683579999999999896e-05 3.255471758059807542e-04
1.764539999999999997e-01 2.710689999999999758e-04 1.679749999999999969e-05 3.229258710812886999e-04
1.769100000000000117e-01 3.117770000000000068e-04 1.677239999999999886e-05 3.203330001072221848e-04
1.773659999999999959e-01 3.148149999999999733e-04 1.680499999999999919e-05 3.177687230679551852e-04
1.778210000000000068e-01 2.782729999999999969e-04 1.697750000000000135e-05 3.152331692358360067e-04
1.782769999999999910e-01 3.207840000000000105e-04 1.721340000000000023e-05 3.127248139742715670e-04
1.787330000000000030e-01 2.687909999999999952e-04 1.720910000000000096e-05 3.102443529859698736e-04
1.791879999999999862e-01 2.738059999999999734e-04 1.735910000000000122e-05 3.077902933689747895e-04
1.796439999999999981e-01 2.895880000000000199e-04 1.747150000000000035e-05 3.053633149819519896e-04
1.801000000000000101e-01 2.892920000000000214e-04 1.751320000000000031e-05 3.029619710094941937e-04
1.805549999999999933e-01 2.607959999999999879e-04 1.740240000000000130e-05 3.005869226223192403e-04
1.810110000000000052e-01 3.019160000000000008e-04 1.754140000000000115e-05 2.982367573132789365e-04
1.814669999999999894e-01 2.731270000000000160e-04 1.755220000000000112e-05 2.959121335852893777e-04
1.819220000000000004e-01 2.550839999999999857e-04 1.747409999999999927e-05 2.936116690369224794e-04
1.823780000000000123e-01 2.781689999999999857e-04 1.751650000000000077e-05 2.913360086726910956e-04
1.828339999999999965e-01 2.936009999999999965e-04 1.751709999999999869e-05 2.890843009811036460e-04
1.832890000000000075e-01 2.989690000000000034e-04 1.762269999999999985e-05 2.868557060001567503e-04
1.837449999999999917e-01 2.636839999999999779e-04 1.755419999999999873e-05 2.846508592186044215e-04
1.842000000000000026e-01 2.713120000000000072e-04 1.754079999999999984e-05 2.824689376483118788e-04
1.846559999999999868e-01 2.757200000000000232e-04 1.747930000000000051e-05 2.803091345426138282e-04
1.851119999999999988e-01 2.237689999999999916e-04 1.754560000000000020e-05 2.781720748535361086e-04
1.855670000000000097e-01 2.840259999999999942e-04 1.759619999999999934e-05 2.760569675069290659e-04
1.860229999999999939e-01 2.396069999999999982e-04 1.752629999999999854e-05 2.739635000964164868e-04
1.864780000000000049e-01 2.943980000000000230e-04 1.755650000000000038e-05 2.718913627484794912e-04
1.869339999999999891e-01 2.709750000000000136e-04 1.759860000000000122e-05 2.698398092100856745e-04
1.873900000000000010e-01 2.375169999999999961e-04 1.757609999999999931e-05 2.678094364397176283e-04
1.878450000000000120e-01 2.793560000000000270e-04 1.754140000000000115e-05 2.657995151902177379e-04
1.883009999999999962e-01 2.467629999999999954e-04 1.750720000000000070e-05 2.638097574492989151e-04
1.887570000000000081e-01 2.441510000000000143e-04 1.762359999999999844e-05 2.618398757694395370e-04
1.892119999999999913e-01 2.333299999999999903e-04 1.750390000000000024e-05 2.598896057632591253e-04
1.896680000000000033e-01 2.411480000000000025e-04 1.752570000000000061e-05 2.579586754382467008e-04
1.901229999999999865e-01 2.401369999999999948e-04 1.752000000000000166e-05 2.560468249527262014e-04
1.905789999999999984e-01 2.207140000000000013e-04 1.746159999999999897e-05 2.541537944631231272e-04
1.910350000000000104e-01 2.211319999999999963e-04 1.753759999999999960e-05 2.522793313643327843e-04
1.914899999999999936e-01 2.574170000000000191e-04 1.752260000000000059e-05 2.504231895792112680e-04
1.919460000000000055e-01 2.076149999999999968e-04 1.755980000000000084e-05 2.485851287674959126e-04
1.924009999999999887e-01 1.979419999999999964e-04 1.738589999999999900e-05 2.467649124876022536e-04
1.928570000000000007e-01 2.168770000000000040e-04 1.748550000000000055e-05 2.449626904744780934e-04
1.933120000000000116e-01 2.421989999999999896e-04 1.760320000000000114e-05 2.431774588681135296e-04
1.937679999999999958e-01 2.508200000000000143e-04 1.740759999999999915e-05 2.414093844838330826e-04
1.942240000000000077e-01 1.918930000000000006e-04 1.752469999999999842e-05 2.396582538229466170e-04
1.946789999999999909e-01 2.399339999999999969e-04 1.750959999999999919e-05 2.379242271464736215e-04
1.951350000000000029e-01 2.329339999999999894e-04 1.745259999999999956e-05 2.362063398484334743e-04
1.955900000000000138e-01 1.871839999999999886e-04 1.748090000000000063e-05 2.345047695249916509e-04
1.960459999999999980e-01 2.275429999999999998e-04 1.737630000000000167e-05 2.328193168659936706e-04
1.965010000000000090e-01 2.261390000000000112e-04 1.753109999999999890e-05 2.311501491795536192e-04
1.969569999999999932e-01 2.393100000000000110e-04 1.749790000000000064e-05 2.294963384076819084e-04
1.974130000000000051e-01 2.420690000000000027e-04 1.742759999999999896e-05 2.278584322608965640e-04
1.978679999999999883e-01 1.931830000000000103e-04 1.736650000000000051e-05 2.262355267045793701e-04
1.983240000000000003e-01 2.117640000000000006e-04 1.739829999999999908e-05 2.246277993869006979e-04
1.987790000000000112e-01 2.049750000000000085e-04 1.750479999999999883e-05 2.230354313960580988e-04
1.992349999999999954e-01 1.925859999999999888e-04 1.734990000000000138e-05 2.214575485218769175e-04
1.996900000000000064e-01 2.325489999999999990e-04 1.743989999999999882e-05 2.198946774166639611e-04
2.001459999999999906e-01 2.067679999999999963e-04 1.734170000000000034e-05 2.183463034458752111e-04
2.006010000000000015e-01 2.167539999999999918e-04 1.736670000000000095e-05 2.168119310172809781e-04
2.010570000000000135e-01 2.185529999999999927e-04 1.733319999999999864e-05 2.152920845090849358e-04
2.015129999999999977e-01 2.355830000000000109e-04 1.733130000000000125e-05 2.137859350383305090e-04
2.019680000000000086e-01 1.872569999999999996e-04 1.721180000000000011e-05 2.122940014090177294e-04
2.024239999999999928e-01 1.955840000000000031e-04 1.723909999999999898e-05 2.108157947219895445e-04
2.028790000000000038e-01 1.982680000000000065e-04 1.721279999999999891e-05 2.093508627114429668e-04
2.033349999999999880e-01 1.933310000000000096e-04 1.719739999999999903e-05 2.078997050669583184e-04
2.037899999999999989e-01 1.778989999999999988e-04 1.706090000000000126e-05 2.064618613365886020e-04
2.042460000000000109e-01 2.087020000000000086e-04 1.722499999999999856e-05 2.050371936299411914e-04
2.047009999999999941e-01 2.067170000000000064e-04 1.719210000000000096e-05 2.036255730994753496e-04
2.051570000000000060e-01 1.913809999999999893e-04 1.716789999999999872e-05 2.022265671656692590e-04
2.056119999999999892e-01 1.633670000000000098e-04 1.706449999999999899e-05 2.008406661974753674e-04
2.060680000000000012e-01 1.701170000000000113e-04 1.705529999999999915e-05 1.994674297200485459e-04
2.065230000000000121e-01 2.136069999999999896e-04 1.723550000000000125e-05 1.981067422111968031e-04
2.069789999999999963e-01 1.799910000000000052e-04 1.709729999999999976e-05 1.967584872325262458e-04
2.074340000000000073e-01 1.781289999999999881e-04 1.717670000000000107e-05 1.954225472815571498e-04
2.078899999999999915e-01 1.854120000000000063e-04 1.702830000000000093e-05 1.940988053165425612e-04
2.083450000000000024e-01 2.049420000000000039e-04 1.712489999999999930e-05 1.927871502346656190e-04
2.088009999999999866e-01 1.819570000000000063e-04 1.700840000000000134e-05 1.914874794715504670e-04
2.092559999999999976e-01 1.775409999999999998e-04 1.706609999999999911e-05 1.901996795298639643e-04
2.097120000000000095e-01 1.893599999999999895e-04 1.709140000000000038e-05 1.889236464490204467e-04
2.101669999999999927e-01 1.964900000000000110e-04 1.708039999999999998e-05 1.876592735761810099e-04
2.106230000000000047e-01 1.852710000000000088e-04 1.702249999999999838e-05 1.864064598763934938e-04
2.110779999999999879e-01 1.693940000000000116e-04 1.707399999999999950e-05 1.851653832164663113e-04
2.115339999999999998e-01 1.604420000000000065e-04 1.694889999999999963e-05 1.839353948198748257e-04
2.119890000000000108e-01 1.632570000000000126e-04 1.704619999999999953e-05 1.827166715460795991e-04
2.124449999999999950e-01 1.803440000000000067e-04 1.697929999999999852e-05 1.815091137262010636e-04
2.129000000000000059e-01 1.928660000000000064e-04 1.707259999999999981e-05 1.803128994545830977e-04
2.133559999999999901e-01 1.845329999999999898e-04 1.702299999999999948e-05 1.791274019596795792e-04
2.138110000000000011e-01 1.772560000000000119e-04 1.695100000000000084e-05 1.779528007121682477e-04
2.142660000000000120e-01 2.002159999999999953e-04 1.706660000000000021e-05 1.767892556909591596e-04
2.147219999999999962e-01 1.757239999999999865e-04 1.697750000000000135e-05 1.756361702028583281e-04
2.151770000000000072e-01 1.903730000000000016e-04 1.697700000000000026e-05 1.744937135156593823e-04
2.156329999999999913e-01 1.280309999999999944e-04 1.684260000000000032e-05 1.733620476028874637e-04
2.160880000000000023e-01 1.558150000000000117e-04 1.697860000000000038e-05 1.722405934383251097e-04
2.165439999999999865e-01 1.543910000000000063e-04 1.722339999999999844e-05 1.711297542366286455e-04
2.169989999999999974e-01 1.741660000000000126e-04 1.750130000000000132e-05 1.700289667140571313e-04
2.174550000000000094e-01 1.771160000000000030e-04 1.760920000000000074e-05 1.689386282590602418e-04
2.179099999999999926e-01 1.436649999999999874e-04 1.775920000000000100e-05 1.678584172212832428e-04
2.183660000000000045e-01 1.538479999999999947e-04 1.789340000000000049e-05 1.667880174952917174e-04
2.188209999999999877e-01 1.968770000000000058e-04 1.795739999999999853e-05 1.657278234037312735e-04
2.192759999999999987e-01 1.304269999999999898e-04 1.803199999999999947e-05 1.646775211724113618e-04
2.197320000000000106e-01 1.502270000000000103e-04 1.814510000000000013e-05 1.636368026526877669e-04
2.201869999999999938e-01 1.503449999999999980e-04 1.821330000000000060e-05 1.626060590971581919e-04
2.206430000000000058e-01 1.810899999999999890e-04 1.838259999999999913e-05 1.615849742039367220e-04
2.210979999999999890e-01 1.620480000000000043e-04 1.840109999999999904e-05 1.605732584293773806e-04
2.215540000000000009e-01 1.572269999999999907e-04 1.845389999999999962e-05 1.595712784228549557e-04
2.220090000000000119e-01 1.608699999999999963e-04 1.850179999999999962e-05 1.585787461932245182e-04
2.224639999999999951e-01 1.469060000000000060e-04 1.857210000000000130e-05 1.575955836581444775e-04
2.229200000000000070e-01 1.303789999999999929e-04 1.865419999999999836e-05 1.566217105421810452e-04
2.233749999999999902e-01 1.276530000000000058e-04 1.864249999999999981e-05 1.556570736485593824e-04
2.238310000000000022e-01 1.233759999999999924e-04 1.887960000000000132e-05 1.547015889719791874e-04
2.242860000000000131e-01 1.235490000000000058e-04 1.869479999999999929e-05 1.537551905947174386e-04
2.247409999999999963e-01 1.861739999999999966e-04 1.892090000000000040e-05 1.528178139970433509e-04
2.251970000000000083e-01 1.851889999999999916e-04 1.854019999999999911e-05 1.518893844543090952e-04
2.256519999999999915e-01 1.591949999999999962e-04 1.825569999999999870e-05 1.509698376320428126e-04
2.261080000000000034e-01 1.661789999999999958e-04 1.827690000000000114e-05 1.500591043452532709e-04
2.265629999999999866e-01 1.139589999999999977e-04 1.790369999999999936e-05 1.491571181509501460e-04
2.270179999999999976e-01 1.458529999999999874e-04 1.788120000000000085e-05 1.482638129662286648e-04
2.274740000000000095e-01 1.558420000000000031e-04 1.789549999999999832e-05 1.473791217523893115e-04
2.279289999999999927e-01 1.473099999999999974e-04 1.778360000000000029e-05 1.465031738237612419e-04
2.283840000000000037e-01 1.227350000000000099e-04 1.777450000000000067e-05 1.456355111168370839e-04
2.288399999999999879e-01 1.168709999999999996e-04 1.760519999999999875e-05 1.447762761259317960e-04
2.292949999999999988e-01 1.278709999999999960e-04 1.762709999999999933e-05 1.439253931263741616e-04
2.297510000000000108e-01 1.770030000000000128e-04 1.770459999999999986e-05 1.430829898588699162e-04
2.302059999999999940e-01 1.414940000000000110e-04 1.753299999999999968e-05 1.422486313677142516e-04
2.306610000000000049e-01 1.534139999999999918e-04 1.752519999999999951e-05 1.414224468843036122e-04
2.311169999999999891e-01 1.203059999999999964e-04 1.742739999999999852e-05 1.406045408606871130e-04
2.315720000000000001e-01 1.307339999999999989e-04 1.749409999999999908e-05 1.397945060012745146e-04
2.320270000000000110e-01 1.546490000000000028e-04 1.749930000000000032e-05 1.389926292302894821e-04
2.324829999999999952e-01 1.577320000000000002e-04 1.741099999999999983e-05 1.381984996514361048e-04
2.329380000000000062e-01 1.836420000000000012e-04 1.744560000000000116e-05 1.374124088104102795e-04
2.333939999999999904e-01 1.593909999999999923e-04 1.743640000000000131e-05 1.366339489214473508e-04
2.338490000000000013e-01 1.496120000000000034e-04 1.744110000000000145e-05 1.358634092113182969e-04
2.343040000000000123e-01 1.396400000000000115e-04 1.737549999999999991e-05 1.351003848823388131e-04
2.347599999999999965e-01 1.439260000000000040e-04 1.717619999999999997e-05 1.343451632068489571e-04
2.352150000000000074e-01 1.306280000000000104e-04 1.727360000000000009e-05 1.335975095068844115e-04
2.356699999999999906e-01 1.335529999999999866e-04 1.726209999999999859e-05 1.328572104645080231e-04
2.361250000000000016e-01 1.185009999999999959e-04 1.734429999999999926e-05 1.321245342455937657e-04
2.365810000000000135e-01 1.402669999999999904e-04 1.715589999999999951e-05 1.313992614278477469e-04
2.370359999999999967e-01 1.345639999999999944e-04 1.724109999999999998e-05 1.306813347863262703e-04
2.374910000000000077e-01 1.186489999999999951e-04 1.720029999999999861e-05 1.299707070813662269e-04
2.379469999999999918e-01 1.356300000000000008e-04 1.712710000000000073e-05 1.292671610864676724e-04
2.384020000000000028e-01 1.035319999999999974e-04 1.708809999999999992e-05 1.285709576912738019e-04
2.388570000000000138e-01 1.146280000000000009e-04 1.704269999999999863e-05 1.278818862975440273e-04
2.393129999999999979e-01 1.480080000000000100e-04 1.726709999999999939e-05 1.271998929361958363e-04
2.397680000000000089e-01 1.537359999999999931e-04 1.708039999999999998e-05 1.265249294622706143e-04
2.402229999999999921e-01 1.006629999999999949e-04 1.699349999999999917e-05 1.258569444229564068e-04
2.406790000000000040e-01 1.262409999999999997e-04 1.702990000000000105e-05 1.251958836778536662e-04
2.411339999999999872e-01 1.226850000000000087e-04 1.703010000000000149e-05 1.245417007261536281e-04
2.415889999999999982e-01 1.180600000000000047e-04 1.701549999999999997e-05 1.238943412413158474e-04
2.420440000000000091e-01 1.431270000000000003e-04 1.702200000000000067e-05 1.232537583728473022e-04
2.424999999999999933e-01 1.116839999999999966e-04 1.696020000000000069e-05 1.226200433820170152e-04
2.429550000000000043e-01 1.157019999999999978e-04 1.694910000000000007e-05 1.219928684388217166e-04
2.434099999999999875e-01 1.235580000000000120e-04 1.687530000000000087e-05 1.213723202911215222e-04
2.438659999999999994e-01 1.240360000000000030e-04 1.703399999999999988e-05 1.207583570922447015e-04
2.443210000000000104e-01 1.420310000000000095e-04 1.689200000000000022e-05 1.201510605499870167e-04
2.447759999999999936e-01 1.205570000000000047e-04 1.692829999999999850e-05 1.195501213710694775e-04
2.452310000000000045e-01 1.188680000000000010e-04 1.690630000000000108e-05 1.189556239497524222e-04
2.456869999999999887e-01 1.046819999999999983e-04 1.677950000000000088e-05 1.183676550951201181e-04
2.461419999999999997e-01 1.262830000000000105e-04 1.685550000000000150e-05 1.177859079675465376e-04
2.465970000000000106e-01 1.242179999999999955e-04 1.682829999999999946e-05 1.172104667879251779e-04
2.470519999999999938e-01 1.307849999999999887e-04 1.689749999999999873e-05 1.166414130243014294e-04
2.475080000000000058e-01 7.655299999999999703e-05 1.676909999999999840e-05 1.160784500492639376e-04
2.479629999999999890e-01 1.187820000000000022e-04 1.675040000000000144e-05 1.155217904336480533e-04
2.484179999999999999e-01 1.346739999999999916e-04 1.677350000000000127e-05 1.149711331396308924e-04
2.488730000000000109e-01 1.127529999999999960e-04 1.677589999999999976e-05 1.144266848747452187e-04
2.493289999999999951e-01 1.545820000000000050e-04 1.681800000000000059e-05 1.138882866360511892e-04
2.497840000000000060e-01 1.022180000000000029e-04 1.670860000000000127e-05 1.133557703224906789e-04
2.502389999999999892e-01 1.122380000000000052e-04 1.671539999999999924e-05 1.128293364707912654e-04
2.506939999999999724e-01 1.279049999999999892e-04 1.671490000000000153e-05 1.123088194015128377e-04
2.511499999999999844e-01 1.194800000000000012e-04 1.673780000000000092e-05 1.117940696672951336e-04
2.516050000000000231e-01 1.395889999999999946e-04 1.668030000000000020e-05 1.112852704063464055e-04
2.520600000000000063e-01 1.241930000000000085e-04 1.666749999999999924e-05 1.107822723937260080e-04
2.525149999999999895e-01 1.041929999999999967e-04 1.670599999999999895e-05 1.102850318428623774e-04
2.529699999999999727e-01 1.046910000000000044e-04 1.659759999999999843e-05 1.097935103537097431e-04
2.534259999999999846e-01 1.272930000000000025e-04 1.665369999999999947e-05 1.093076681194393192e-04
2.538810000000000233e-01 1.191350000000000037e-04 1.657550000000000080e-05 1.088274702526527426e-04
2.543360000000000065e-01 1.176890000000000043e-04 1.659880000000000106e-05 1.083527685906077658e-04
2.547909999999999897e-01 1.087080000000000034e-04 1.662790000000000050e-05 1.078837345703168293e-04
2.552459999999999729e-01 1.218610000000000044e-04 1.657220000000000034e-05 1.074203244967987059e-04
2.557019999999999849e-01 1.090780000000000016e-04 1.660729999999999937e-05 1.069623007542095652e-04
2.561570000000000236e-01 1.179910000000000025e-04 1.649579999999999883e-05 1.065097264462836678e-04
2.566120000000000068e-01 1.151740000000000055e-04 1.656239999999999918e-05 1.060625614443003683e-04
2.570669999999999900e-01 8.515599999999999580e-05 1.648959999999999879e-05 1.056207692601452162e-04
2.575219999999999732e-01 9.289100000000000221e-05 1.651350000000000037e-05 1.051843138444499549e-04
2.579779999999999851e-01 1.218910000000000024e-04 1.651289999999999906e-05 1.047531534065242371e-04
2.584330000000000238e-01 1.031599999999999949e-04 1.645749999999999955e-05 1.043273528071988939e-04
2.588880000000000070e-01 1.182090000000000061e-04 1.656389999999999908e-05 1.039066785351003578e-04
2.593429999999999902e-01 1.119090000000000021e-04 1.640779999999999900e-05 1.034911911587981436e-04
2.597979999999999734e-01 9.620699999999999554e-05 1.640469999999999898e-05 1.030809434544155802e-04
2.602530000000000121e-01 1.049920000000000004e-04 1.643210000000000146e-05 1.026757193208998573e-04
2.607090000000000241e-01 1.443129999999999988e-04 1.647909999999999948e-05 1.022755717168320852e-04
2.611640000000000073e-01 9.848799999999999623e-05 1.642750000000000154e-05 1.018805487894534494e-04
2.616189999999999904e-01 8.465400000000000637e-05 1.631069999999999954e-05 1.014904450889523674e-04
2.620739999999999736e-01 6.799500000000000205e-05 1.636530000000000067e-05 1.011053919794285724e-04
2.625290000000000123e-01 1.112389999999999966e-04 1.640850000000000053e-05 1.007251846783544050e-04
2.629839999999999955e-01 1.116399999999999950e-04 1.633359999999999893e-05 1.003499504884661567e-04
2.634389999999999787e-01 1.196619999999999937e-04 1.644610000000000166e-05 9.997957214241796908e-05
2.638949999999999907e-01 9.656099999999999926e-05 1.624610000000000019e-05 9.961393257926799683e-05
2.643499999999999739e-01 1.157679999999999934e-04 1.639429999999999989e-05 9.925315258357440351e-05
2.648050000000000126e-01 1.268139999999999957e-04 1.630399999999999840e-05 9.889711849278596211e-05
2.652599999999999958e-01 1.067899999999999991e-04 1.638050000000000012e-05 9.854571320324620248e-05
2.657149999999999790e-01 1.333809999999999889e-04 1.635059999999999893e-05 9.819905824078143265e-05
2.661700000000000177e-01 8.235099999999999810e-05 1.617650000000000004e-05 9.785703461685663095e-05
2.666250000000000009e-01 8.705800000000000571e-05 1.632040000000000048e-05 9.751960742524431211e-05
2.670799999999999841e-01 1.125169999999999935e-04 1.626539999999999846e-05 9.718673808613210346e-05
2.675350000000000228e-01 8.579199999999999446e-05 1.621769999999999890e-05 9.685839289121991067e-05
2.679909999999999792e-01 9.040899999999999447e-05 1.623649999999999947e-05 9.653452882068989601e-05
2.684460000000000179e-01 1.054179999999999993e-04 1.620059999999999868e-05 9.621511255243911582e-05
